7E 7F 06 01 
00 20 6B 7F 42 02 00 01 0A 00 
00 20 6B 7F 42 02 00 02 0A 00 
00 20 6B 7F 42 02 00 03 0A 00 
00 20 6B 7F 42 02 00 04 0A 00 
00 20 6B 7F 42 02 00 05 0A 00 
00 20 6B 7F 42 02 00 06 0A 00 
00 20 6B 7F 42 02 00 01 70 0F 
00 20 6B 7F 42 02 00 11 70 00 
00 20 6B 7F 42 02 00 02 70 00 
00 20 6B 7F 42 02 00 03 70 00 
00 20 6B 7F 42 02 00 04 70 00 
00 20 6B 7F 42 02 00 05 70 00 
00 20 6B 7F 42 02 00 06 70 01 
00 20 6B 7F 42 02 00 01 71 00 
00 20 6B 7F 42 02 00 11 71 00 
00 20 6B 7F 42 02 00 02 71 00 
00 20 6B 7F 42 02 00 03 71 00 
00 20 6B 7F 42 02 00 04 71 00 
00 20 6B 7F 42 02 00 05 71 00 
00 20 6B 7F 42 02 00 06 71 00 
00 20 6B 7F 42 02 00 01 72 00 
00 20 6B 7F 42 02 00 11 72 00 
00 20 6B 7F 42 02 00 02 72 00 
00 20 6B 7F 42 02 00 03 72 00 
00 20 6B 7F 42 02 00 04 72 00 
00 20 6B 7F 42 02 00 05 72 00 
00 20 6B 7F 42 02 00 06 72 00 
00 20 6B 7F 42 02 00 01 73 00 
00 20 6B 7F 42 02 00 11 73 00 
00 20 6B 7F 42 02 00 02 73 00 
00 20 6B 7F 42 02 00 03 73 00 
00 20 6B 7F 42 02 00 04 73 00 
00 20 6B 7F 42 02 00 05 73 00 
00 20 6B 7F 42 02 00 06 73 00 
00 20 6B 7F 42 02 00 01 74 00 
00 20 6B 7F 42 02 00 11 74 00 
00 20 6B 7F 42 02 00 02 74 00 
00 20 6B 7F 42 02 00 03 74 00 
00 20 6B 7F 42 02 00 04 74 00 
00 20 6B 7F 42 02 00 05 74 00 
00 20 6B 7F 42 02 00 06 74 00 
00 20 6B 7F 42 02 00 01 75 00 
00 20 6B 7F 42 02 00 11 75 00 
00 20 6B 7F 42 02 00 02 75 00 
00 20 6B 7F 42 02 00 03 75 00 
00 20 6B 7F 42 02 00 04 75 00 
00 20 6B 7F 42 02 00 05 75 00 
00 20 6B 7F 42 02 00 06 75 00 
00 20 6B 7F 42 02 00 01 76 00 
00 20 6B 7F 42 02 00 11 76 00 
00 20 6B 7F 42 02 00 02 76 00 
00 20 6B 7F 42 02 00 03 76 00 
00 20 6B 7F 42 02 00 04 76 00 
00 20 6B 7F 42 02 00 05 76 00 
00 20 6B 7F 42 02 00 06 76 00 
00 20 6B 7F 42 02 00 01 77 00 
00 20 6B 7F 42 02 00 11 77 00 
00 20 6B 7F 42 02 00 02 77 00 
00 20 6B 7F 42 02 00 03 77 00 
00 20 6B 7F 42 02 00 04 77 00 
00 20 6B 7F 42 02 00 05 77 00 
00 20 6B 7F 42 02 00 06 77 00 
00 20 6B 7F 42 02 00 01 0B 00 
00 20 6B 7F 42 02 00 02 0B 00 
00 20 6B 7F 42 02 00 03 0B 00 
00 20 6B 7F 42 02 00 04 0B 00 
00 20 6B 7F 42 02 00 05 0B 00 
00 20 6B 7F 42 02 00 06 0B 00 
00 20 6B 7F 42 02 00 01 78 00 
00 20 6B 7F 42 02 00 11 78 00 
00 20 6B 7F 42 02 00 02 78 00 
00 20 6B 7F 42 02 00 03 78 00 
00 20 6B 7F 42 02 00 04 78 00 
00 20 6B 7F 42 02 00 05 78 00 
00 20 6B 7F 42 02 00 06 78 00 
00 20 6B 7F 42 02 00 01 79 00 
00 20 6B 7F 42 02 00 11 79 00 
00 20 6B 7F 42 02 00 02 79 00 
00 20 6B 7F 42 02 00 03 79 00 
00 20 6B 7F 42 02 00 04 79 00 
00 20 6B 7F 42 02 00 05 79 00 
00 20 6B 7F 42 02 00 06 79 00 
00 20 6B 7F 42 02 00 01 7A 00 
00 20 6B 7F 42 02 00 11 7A 00 
00 20 6B 7F 42 02 00 02 7A 00 
00 20 6B 7F 42 02 00 03 7A 00 
00 20 6B 7F 42 02 00 04 7A 00 
00 20 6B 7F 42 02 00 05 7A 00 
00 20 6B 7F 42 02 00 06 7A 00 
00 20 6B 7F 42 02 00 01 7B 00 
00 20 6B 7F 42 02 00 11 7B 00 
00 20 6B 7F 42 02 00 02 7B 00 
00 20 6B 7F 42 02 00 03 7B 00 
00 20 6B 7F 42 02 00 04 7B 00 
00 20 6B 7F 42 02 00 05 7B 00 
00 20 6B 7F 42 02 00 06 7B 00 
00 20 6B 7F 42 02 00 01 7C 00 
00 20 6B 7F 42 02 00 11 7C 00 
00 20 6B 7F 42 02 00 02 7C 00 
00 20 6B 7F 42 02 00 03 7C 00 
00 20 6B 7F 42 02 00 04 7C 00 
00 20 6B 7F 42 02 00 05 7C 00 
00 20 6B 7F 42 02 00 06 7C 00 
00 20 6B 7F 42 02 00 01 7D 00 
00 20 6B 7F 42 02 00 11 7D 00 
00 20 6B 7F 42 02 00 02 7D 00 
00 20 6B 7F 42 02 00 03 7D 00 
00 20 6B 7F 42 02 00 04 7D 00 
00 20 6B 7F 42 02 00 05 7D 00 
00 20 6B 7F 42 02 00 06 7D 00 
00 20 6B 7F 42 02 00 01 7E 00 
00 20 6B 7F 42 02 00 11 7E 00 
00 20 6B 7F 42 02 00 02 7E 00 
00 20 6B 7F 42 02 00 03 7E 00 
00 20 6B 7F 42 02 00 04 7E 00 
00 20 6B 7F 42 02 00 05 7E 00 
00 20 6B 7F 42 02 00 06 7E 00 
00 20 6B 7F 42 02 00 01 7F 00 
00 20 6B 7F 42 02 00 11 7F 00 
00 20 6B 7F 42 02 00 02 7F 00 
00 20 6B 7F 42 02 00 03 7F 00 
00 20 6B 7F 42 02 00 04 7F 00 
00 20 6B 7F 42 02 00 05 7F 00 
00 20 6B 7F 42 02 00 06 7F 00 
00 20 6B 7F 42 02 00 01 0C 00 
00 20 6B 7F 42 02 00 02 0C 00 
00 20 6B 7F 42 02 00 03 0C 00 
00 20 6B 7F 42 02 00 04 0C 00 
00 20 6B 7F 42 02 00 05 0C 00 
00 20 6B 7F 42 02 00 06 0C 00 
00 20 6B 7F 42 02 00 01 0D 00 
00 20 6B 7F 42 02 00 02 0D 00 
00 20 6B 7F 42 02 00 03 0D 00 
00 20 6B 7F 42 02 00 04 0D 00 
00 20 6B 7F 42 02 00 05 0D 00 
00 20 6B 7F 42 02 00 06 0D 00 
00 20 6B 7F 42 02 00 01 0E 00 
00 20 6B 7F 42 02 00 02 0E 00 
00 20 6B 7F 42 02 00 03 0E 00 
00 20 6B 7F 42 02 00 04 0E 00 
00 20 6B 7F 42 02 00 05 0E 00 
00 20 6B 7F 42 02 00 06 0E 00 
00 20 6B 7F 42 02 00 01 01 00 
00 20 6B 7F 42 02 00 02 01 00 
00 20 6B 7F 42 02 00 03 01 00 
00 20 6B 7F 42 02 00 04 01 00 
00 20 6B 7F 42 02 00 05 01 00 
00 20 6B 7F 42 02 00 06 01 00 
00 20 6B 7F 42 02 00 40 19 00 
00 20 6B 7F 42 02 00 40 1A 03 
00 20 6B 7F 42 02 00 40 1B 00 
00 20 6B 7F 42 02 00 40 1D 00 
00 20 6B 7F 42 02 00 01 02 00 
00 20 6B 7F 42 02 00 02 02 00 
00 20 6B 7F 42 02 00 03 02 00 
00 20 6B 7F 42 02 00 04 02 00 
00 20 6B 7F 42 02 00 05 02 00 
00 20 6B 7F 42 02 00 06 02 00 
00 20 6B 7F 42 02 00 40 1E 7F 
00 20 6B 7F 42 02 00 01 03 00 
00 20 6B 7F 42 02 00 02 03 00 
00 20 6B 7F 42 02 00 03 03 00 
00 20 6B 7F 42 02 00 04 03 00 
00 20 6B 7F 42 02 00 05 03 00 
00 20 6B 7F 42 02 00 06 03 00 
00 20 6B 7F 42 02 00 01 30 00 
00 20 6B 7F 42 02 00 02 30 00 
00 20 6B 7F 42 02 00 03 30 00 
00 20 6B 7F 42 02 00 04 30 00 
00 20 6B 7F 42 02 00 05 30 00 
00 20 6B 7F 42 02 00 06 30 00 
00 20 6B 7F 42 02 00 01 31 00 
00 20 6B 7F 42 02 00 02 31 00 
00 20 6B 7F 42 02 00 03 31 00 
00 20 6B 7F 42 02 00 04 31 00 
00 20 6B 7F 42 02 00 05 31 00 
00 20 6B 7F 42 02 00 06 31 00 
00 20 6B 7F 42 02 00 01 04 00 
00 20 6B 7F 42 02 00 02 04 00 
00 20 6B 7F 42 02 00 03 04 00 
00 20 6B 7F 42 02 00 04 04 00 
00 20 6B 7F 42 02 00 05 04 00 
00 20 6B 7F 42 02 00 06 04 00 
00 20 6B 7F 42 02 00 01 32 00 
00 20 6B 7F 42 02 00 02 32 00 
00 20 6B 7F 42 02 00 03 32 00 
00 20 6B 7F 42 02 00 04 32 00 
00 20 6B 7F 42 02 00 05 32 00 
00 20 6B 7F 42 02 00 06 32 00 
00 20 6B 7F 42 02 00 01 33 00 
00 20 6B 7F 42 02 00 02 33 00 
00 20 6B 7F 42 02 00 03 33 00 
00 20 6B 7F 42 02 00 04 33 00 
00 20 6B 7F 42 02 00 05 33 00 
00 20 6B 7F 42 02 00 06 33 00 
00 20 6B 7F 42 02 00 01 34 00 
00 20 6B 7F 42 02 00 02 34 00 
00 20 6B 7F 42 02 00 03 34 00 
00 20 6B 7F 42 02 00 04 34 00 
00 20 6B 7F 42 02 00 05 34 00 
00 20 6B 7F 42 02 00 06 34 00 
00 20 6B 7F 42 02 00 01 35 00 
00 20 6B 7F 42 02 00 02 35 00 
00 20 6B 7F 42 02 00 03 35 00 
00 20 6B 7F 42 02 00 04 35 00 
00 20 6B 7F 42 02 00 05 35 00 
00 20 6B 7F 42 02 00 06 35 00 
00 20 6B 7F 42 02 00 01 05 00 
00 20 6B 7F 42 02 00 02 05 00 
00 20 6B 7F 42 02 00 03 05 00 
00 20 6B 7F 42 02 00 04 05 00 
00 20 6B 7F 42 02 00 05 05 00 
00 20 6B 7F 42 02 00 06 05 00 
00 20 6B 7F 42 02 00 01 40 00 
00 20 6B 7F 42 02 00 02 40 00 
00 20 6B 7F 42 02 00 03 40 00 
00 20 6B 7F 42 02 00 04 40 00 
00 20 6B 7F 42 02 00 05 40 00 
00 20 6B 7F 42 02 00 06 40 00 
00 20 6B 7F 42 02 00 01 41 00 
00 20 6B 7F 42 02 00 02 41 00 
00 20 6B 7F 42 02 00 06 41 00 
00 20 6B 7F 42 02 00 01 06 00 
00 20 6B 7F 42 02 00 02 06 00 
00 20 6B 7F 42 02 00 03 06 00 
00 20 6B 7F 42 02 00 04 06 00 
00 20 6B 7F 42 02 00 05 06 00 
00 20 6B 7F 42 02 00 06 06 00 
00 20 6B 7F 42 02 00 40 06 00 
00 20 6B 7F 42 02 00 01 07 00 
00 20 6B 7F 42 02 00 02 07 00 
00 20 6B 7F 42 02 00 03 07 00 
00 20 6B 7F 42 02 00 04 07 00 
00 20 6B 7F 42 02 00 05 07 00 
00 20 6B 7F 42 02 00 06 07 00 
00 20 6B 7F 42 02 00 01 50 00 
00 20 6B 7F 42 02 00 02 50 00 
00 20 6B 7F 42 02 00 03 50 00 
00 20 6B 7F 42 02 00 04 50 00 
00 20 6B 7F 42 02 00 05 50 00 
00 20 6B 7F 42 02 00 06 50 00 
00 20 6B 7F 42 02 00 01 08 00 
00 20 6B 7F 42 02 00 02 08 00 
00 20 6B 7F 42 02 00 03 08 00 
00 20 6B 7F 42 02 00 04 08 00 
00 20 6B 7F 42 02 00 05 08 00 
00 20 6B 7F 42 02 00 06 08 00 
00 20 6B 7F 42 02 00 01 09 00 
00 20 6B 7F 42 02 00 02 09 00 
00 20 6B 7F 42 02 00 03 09 00 
00 20 6B 7F 42 02 00 04 09 00 
00 20 6B 7F 42 02 00 05 09 00 
00 20 6B 7F 42 02 00 06 09 00 
00 20 6B 7F 42 06 07 
